{
  "version": "1.0",
  "extraction_info": {
    "date": "2025-08-21T17:28:24.125136",
    "source": "Intern S1 Workloads Analysis",
    "total_math_samples": 385024,
    "total_tool_calling_samples": 241546
  },
  "math_task": {
    "task_type": "math",
    "description": "Mathematical reasoning task with input-output pairs",
    "extraction_date": "2025-08-21T17:28:24.124094",
    "input_distribution": {
      "type": "lognorm",
      "parameters": [
        0.21286157406385864,
        -1908.36690259044,
        3488.4470703882016
      ],
      "ks_statistic": 0.19595412347841334,
      "ks_p_value": 0.0
    },
    "output_distribution": {
      "type": "lognorm",
      "parameters": [
        0.8221578425518301,
        4.861523115832697,
        767.2288034083723
      ],
      "ks_statistic": 0.10952428112947721,
      "ks_p_value": 0.0
    },
    "joint_distribution": {
      "type": "gaussian_mixture",
      "n_components": 4,
      "mean_vector": [
        141.33762051196808,
        9574.841768305352
      ],
      "covariance_matrix": [
        [
          3722.4834673108035,
          41403.019928301605
        ],
        [
          41403.019928301605,
          35319708.17772202
        ]
      ],
      "correlation": 0.11418447975551943,
      "bic_score": 10870702.340966731
    },
    "gmm_parameters": {
      "weights": [
        0.358504752818907,
        0.07434340269703671,
        0.3728319533326389,
        0.19431989115141732
      ],
      "means": [
        [
          112.88734597117671,
          4959.099111112346
        ],
        [
          266.35306111535584,
          12719.633617453097
        ],
        [
          145.42284338344732,
          9174.831640824232
        ],
        [
          138.15927257466163,
          17654.857156495706
        ]
      ],
      "covariances": [
        [
          [
            558.2999299271327,
            -782.5312200494068
          ],
          [
            -782.531220049407,
            4804084.907877425
          ]
        ],
        [
          [
            16547.580856641747,
            -156139.9610795663
          ],
          [
            -156139.9610795663,
            36813304.20752768
          ]
        ],
        [
          [
            1624.4403293840078,
            -54104.33635034268
          ],
          [
            -54104.33635034268,
            11669296.498556865
          ]
        ],
        [
          [
            1164.0896772425463,
            14184.836846326074
          ],
          [
            14184.836846326072,
            27740124.670528445
          ]
        ]
      ]
    }
  },
  "tool_calling_task": {
    "task_type": "tool_calling",
    "description": "Tool calling sequences with varying call counts",
    "extraction_date": "2025-08-21T17:28:24.124279",
    "call_count_distribution": {
      "3": 104344,
      "2": 18785,
      "5": 48933,
      "4": 17533,
      "1": 4640,
      "7": 9189,
      "6": 34629,
      "8": 1820,
      "9": 652,
      "10": 1021
    },
    "sequence_models": {
      "1": {
        "call_count": 1,
        "n_features": 12,
        "feature_names": [
          "input_1",
          "output_1",
          "total_input",
          "total_output",
          "mean_input",
          "mean_output",
          "std_input",
          "std_output",
          "max_input",
          "max_output",
          "min_input",
          "min_output"
        ],
        "model_type": "gaussian_mixture",
        "optimal_components": 3,
        "mean_vector": [
          294.8396551724138,
          1305.5952586206897,
          294.8396551724138,
          1305.5952586206897,
          294.8396551724138,
          1305.5952586206897,
          0.0,
          0.0,
          294.8396551724138,
          1305.5952586206897,
          294.8396551724138,
          1305.5952586206897
        ],
        "covariance_matrix": [
          [
            1060.9119860849921,
            990.1474180672113,
            1060.9119860849921,
            990.1474180672113,
            1060.9119860849921,
            990.1474180672113,
            0.0,
            0.0,
            1060.9119860849917,
            990.147418067211,
            1060.9119860849917,
            990.147418067211
          ],
          [
            990.1474180672113,
            1942562.3233230645,
            990.1474180672113,
            1942562.3233230645,
            990.1474180672113,
            1942562.3233230645,
            0.0,
            0.0,
            990.147418067211,
            1942562.323323064,
            990.147418067211,
            1942562.323323064
          ],
          [
            1060.9119860849921,
            990.1474180672113,
            1060.9119860849921,
            990.1474180672113,
            1060.9119860849921,
            990.1474180672113,
            0.0,
            0.0,
            1060.9119860849917,
            990.147418067211,
            1060.9119860849917,
            990.147418067211
          ],
          [
            990.1474180672113,
            1942562.3233230645,
            990.1474180672113,
            1942562.3233230645,
            990.1474180672113,
            1942562.3233230645,
            0.0,
            0.0,
            990.147418067211,
            1942562.323323064,
            990.147418067211,
            1942562.323323064
          ],
          [
            1060.9119860849921,
            990.1474180672113,
            1060.9119860849921,
            990.1474180672113,
            1060.9119860849921,
            990.1474180672113,
            0.0,
            0.0,
            1060.9119860849917,
            990.147418067211,
            1060.9119860849917,
            990.147418067211
          ],
          [
            990.1474180672113,
            1942562.3233230645,
            990.1474180672113,
            1942562.3233230645,
            990.1474180672113,
            1942562.3233230645,
            0.0,
            0.0,
            990.147418067211,
            1942562.323323064,
            990.147418067211,
            1942562.323323064
          ],
          [
            0.0,
            0.0,
            0.0,
            0.0,
            0.0,
            0.0,
            0.0,
            0.0,
            0.0,
            0.0,
            0.0,
            0.0
          ],
          [
            0.0,
            0.0,
            0.0,
            0.0,
            0.0,
            0.0,
            0.0,
            0.0,
            0.0,
            0.0,
            0.0,
            0.0
          ],
          [
            1060.9119860849917,
            990.147418067211,
            1060.9119860849917,
            990.147418067211,
            1060.9119860849917,
            990.147418067211,
            0.0,
            0.0,
            1060.9119860849917,
            990.147418067211,
            1060.9119860849917,
            990.147418067211
          ],
          [
            990.147418067211,
            1942562.323323064,
            990.147418067211,
            1942562.323323064,
            990.147418067211,
            1942562.323323064,
            0.0,
            0.0,
            990.147418067211,
            1942562.323323064,
            990.147418067211,
            1942562.323323064
          ],
          [
            1060.9119860849917,
            990.147418067211,
            1060.9119860849917,
            990.147418067211,
            1060.9119860849917,
            990.147418067211,
            0.0,
            0.0,
            1060.9119860849917,
            990.147418067211,
            1060.9119860849917,
            990.147418067211
          ],
          [
            990.147418067211,
            1942562.323323064,
            990.147418067211,
            1942562.323323064,
            990.147418067211,
            1942562.323323064,
            0.0,
            0.0,
            990.147418067211,
            1942562.323323064,
            990.147418067211,
            1942562.323323064
          ]
        ],
        "data_source": "original_data"
      },
      "2": {
        "call_count": 2,
        "n_features": 14,
        "feature_names": [
          "input_1",
          "input_2",
          "output_1",
          "output_2",
          "total_input",
          "total_output",
          "mean_input",
          "mean_output",
          "std_input",
          "std_output",
          "max_input",
          "max_output",
          "min_input",
          "min_output"
        ],
        "model_type": "gaussian_mixture",
        "optimal_components": 4,
        "mean_vector": [
          279.3539526217727,
          293.34602076124565,
          326.29523556028744,
          353.7336704817674,
          572.6999733830183,
          680.0289060420548,
          286.3499866915092,
          340.0144530210274,
          120.31511844556827,
          214.92565877029546,
          406.66510513707743,
          554.9401117913229,
          166.0348682459409,
          125.08879425073197
        ],
        "covariance_matrix": [
          [
            1559.8280222006936,
            -2417.032085394032,
            4325.584059772127,
            3950.8316026920115,
            -857.2040631933398,
            8276.415662464142,
            -428.6020315966699,
            4138.207831232071,
            160.34749134664696,
            3189.024078728509,
            -268.25454025002256,
            7327.231909960578,
            -588.9495229433167,
            949.1837525035609
          ],
          [
            -2417.032085394032,
            107532.17892169155,
            -54209.541047228566,
            28140.94080823406,
            105115.14683629747,
            -26068.600238994535,
            52557.573418148735,
            -13034.300119497268,
            24013.36375266737,
            -5988.163026086398,
            76570.93717081608,
            -19022.46314558367,
            28544.20966548134,
            -7046.137093410869
          ],
          [
            4325.584059772127,
            -54209.541047228566,
            187525.33734154515,
            -13516.294768765538,
            -49883.95698745646,
            174009.04257277958,
            -24941.97849372823,
            87004.52128638979,
            4426.517161046682,
            58673.8803394623,
            -20515.461332681556,
            145678.4016258521,
            -29368.49565477492,
            28330.64094692746
          ],
          [
            3950.8316026920115,
            28140.94080823406,
            -13516.294768765538,
            394002.59127733274,
            32091.77241092608,
            380486.2965085672,
            16045.88620546304,
            190243.1482542836,
            -4822.418332752173,
            160516.07796906028,
            11223.467872710864,
            350759.2262233439,
            20868.304538215205,
            29727.0702852234
          ],
          [
            -857.2040631933398,
            105115.14683629747,
            -49883.95698745646,
            32091.77241092608,
            104257.94277310406,
            -17792.184576530395,
            52128.97138655203,
            -8896.092288265198,
            24173.711244014015,
            -2799.138947357891,
            76302.68263056604,
            -11695.23123562309,
            27955.260142538024,
            -6096.953340907309
          ],
          [
            8276.415662464142,
            -26068.600238994535,
            174009.04257277958,
            380486.2965085672,
            -17792.184576530395,
            554495.3390813466,
            -8896.092288265198,
            277247.6695406733,
            -395.90117170549155,
            219189.95830852256,
            -9291.993459970692,
            496437.62784919597,
            -8500.191116559707,
            58057.711232150854
          ],
          [
            -428.6020315966699,
            52557.573418148735,
            -24941.97849372823,
            16045.88620546304,
            52128.97138655203,
            -8896.092288265198,
            26064.485693276016,
            -4448.046144132599,
            12086.855622007008,
            -1399.5694736789455,
            38151.34131528302,
            -5847.615617811545,
            13977.630071269012,
            -3048.4766704536546
          ],
          [
            4138.207831232071,
            -13034.300119497268,
            87004.52128638979,
            190243.1482542836,
            -8896.092288265198,
            277247.6695406733,
            -4448.046144132599,
            138623.83477033666,
            -197.95058585274577,
            109594.97915426128,
            -4645.996729985346,
            248218.81392459798,
            -4250.095558279853,
            29028.855616075427
          ],
          [
            160.34749134664696,
            24013.36375266737,
            4426.517161046682,
            -4822.418332752173,
            24173.711244014015,
            -395.90117170549155,
            12086.855622007008,
            -197.95058585274577,
            14053.966509069493,
            -386.3860299771489,
            26140.822131076497,
            -584.3366158298945,
            -1967.1108870624928,
            188.43544412440338
          ],
          [
            3189.024078728509,
            -5988.163026086398,
            58673.8803394623,
            160516.07796906028,
            -2799.138947357891,
            219189.95830852256,
            -1399.5694736789455,
            109594.97915426128,
            -386.3860299771489,
            106132.85851961629,
            -1785.9555036560944,
            215727.8376738776,
            -1013.1834437017963,
            3462.1206346449712
          ],
          [
            -268.25454025002256,
            76570.93717081608,
            -20515.461332681556,
            11223.467872710864,
            76302.68263056604,
            -9291.993459970692,
            38151.34131528302,
            -4645.996729985346,
            26140.822131076497,
            -1785.9555036560944,
            64292.163446359526,
            -6431.95223364144,
            12010.519184206514,
            -2860.041226329251
          ],
          [
            7327.231909960578,
            -19022.46314558367,
            145678.4016258521,
            350759.2262233439,
            -11695.23123562309,
            496437.62784919597,
            -5847.615617811545,
            248218.81392459798,
            -584.3366158298945,
            215727.8376738776,
            -6431.95223364144,
            463946.65159847535,
            -5263.27900198165,
            32490.976250720403
          ],
          [
            -588.9495229433167,
            28544.20966548134,
            -29368.49565477492,
            20868.304538215205,
            27955.260142538024,
            -8500.191116559707,
            13977.630071269012,
            -4250.095558279853,
            -1967.1108870624928,
            -1013.1834437017963,
            12010.519184206514,
            -5263.27900198165,
            15944.740958331473,
            -3236.9121145780578
          ],
          [
            949.1837525035609,
            -7046.137093410869,
            28330.64094692746,
            29727.0702852234,
            -6096.953340907309,
            58057.711232150854,
            -3048.4766704536546,
            29028.855616075427,
            188.43544412440338,
            3462.1206346449712,
            -2860.041226329251,
            32490.976250720403,
            -3236.9121145780578,
            25566.734981430476
          ]
        ],
        "data_source": "original_data"
      },
      "3": {
        "call_count": 3,
        "n_features": 16,
        "feature_names": [
          "input_1",
          "input_2",
          "input_3",
          "output_1",
          "output_2",
          "output_3",
          "total_input",
          "total_output",
          "mean_input",
          "mean_output",
          "std_input",
          "std_output",
          "max_input",
          "max_output",
          "min_input",
          "min_output"
        ],
        "model_type": "gaussian_mixture",
        "optimal_components": 4,
        "mean_vector": [
          245.90648240435482,
          476.2844533466227,
          467.35484551100205,
          112.48364065015717,
          166.58561105573872,
          276.2508625316262,
          1189.5457812619795,
          555.320114237522,
          396.5152604206568,
          185.1067047458411,
          111.45248953057778,
          99.30992864373455,
          480.3886471670628,
          319.4293490761328,
          240.4212987809553,
          97.99461396917887
        ],
        "covariance_matrix": [
          [
            914.594131425219,
            -295.4070259072832,
            -359.5803112571393,
            845.7152503326935,
            706.3423554304741,
            6337.305875013984,
            259.60679426079747,
            7889.363480777149,
            86.5355980869323,
            2629.787826925715,
            -373.0699406279588,
            2717.42240597685,
            -105.38295411233904,
            6423.896960872172,
            673.6100843708211,
            484.14408674382787
          ],
          [
            -295.4070259072832,
            3034.3054171359686,
            3260.011633079243,
            -3561.45293827221,
            -1054.7947492572139,
            193.5395488839579,
            5998.910024307942,
            -4422.708138645467,
            1999.6366747693125,
            -1474.2360462151546,
            61.11397031798564,
            -1099.2134400418665,
            1606.8032504665796,
            -2878.984421666318,
            1486.667514168487,
            -334.2456526764536
          ],
          [
            -359.5803112571393,
            3260.011633079243,
            7053.795956509868,
            -3710.9931311033106,
            -1504.470178497358,
            236.28588945980096,
            9954.227278331986,
            -4979.177420140864,
            3318.0757594439924,
            -1659.7258067136218,
            1001.0526147679205,
            -1276.1142845913166,
            4149.317423784943,
            -3286.59118559839,
            2028.0637128636945,
            -325.4871968107377
          ],
          [
            845.7152503326935,
            -3561.45293827221,
            -3710.9931311033106,
            10509.732306667334,
            2332.461278073968,
            3179.263345143818,
            -6426.730819042826,
            16021.456929885133,
            -2142.2436063476093,
            5340.485643295043,
            -42.27945954352186,
            4642.43988613309,
            -1479.1444857756228,
            11558.850022511077,
            -1454.6667609995957,
            1162.3463366593376
          ],
          [
            706.3423554304741,
            -1054.7947492572139,
            -1504.470178497358,
            2332.461278073968,
            6967.042132547843,
            7296.185801107936,
            -1852.9225723240959,
            16595.689211729743,
            -617.6408574413657,
            5531.89640390991,
            -134.37384640884517,
            4595.449796773722,
            -427.25653168054725,
            11450.352832721908,
            -211.0936379250191,
            923.6802958838961
          ],
          [
            6337.305875013984,
            193.5395488839579,
            236.28588945980096,
            3179.263345143818,
            7296.185801107936,
            318396.4081291736,
            6767.131313357733,
            328871.8572754254,
            2255.710437785912,
            109623.95242514182,
            -2959.3733285442418,
            142719.2607762384,
            134.1249990105225,
            311390.1262505256,
            6407.935463644993,
            4256.674400628148
          ],
          [
            259.60679426079747,
            5998.910024307942,
            9954.227278331986,
            -6426.730819042826,
            -1852.9225723240959,
            6767.131313357733,
            16212.744096900728,
            -1512.5220780091881,
            5404.248032300238,
            -504.1740260030627,
            689.0966444579498,
            342.0946813436677,
            5650.737720139182,
            258.32135360746116,
            4188.3413114030045,
            -175.58876274336342
          ],
          [
            7889.363480777149,
            -4422.708138645467,
            -4979.177420140864,
            16021.456929885133,
            16595.689211729743,
            328871.8572754254,
            -1512.5220780091881,
            361489.0034170404,
            -504.1740260030623,
            120496.33447234669,
            -3136.026634496609,
            151957.15045914505,
            -1772.2760184456486,
            334399.3291057587,
            4742.17506472038,
            6342.701033171384
          ],
          [
            86.5355980869323,
            1999.6366747693125,
            3318.0757594439924,
            -2142.2436063476093,
            -617.6408574413657,
            2255.710437785912,
            5404.248032300238,
            -504.1740260030623,
            1801.416010766746,
            -168.0580086676875,
            229.698881485982,
            114.031560447889,
            1883.5792400463956,
            86.10711786915388,
            1396.1137704676678,
            -58.52958758112114
          ],
          [
            2629.787826925715,
            -1474.2360462151546,
            -1659.7258067136218,
            5340.485643295043,
            5531.89640390991,
            109623.95242514182,
            -504.1740260030627,
            120496.33447234669,
            -168.0580086676875,
            40165.44482411556,
            -1045.3422114988693,
            50652.383486381754,
            -590.7586728152156,
            111466.44303525277,
            1580.7250215734591,
            2114.2336777237947
          ],
          [
            -373.0699406279588,
            61.11397031798564,
            1001.0526147679205,
            -42.27945954352186,
            -134.37384640884517,
            -2959.3733285442418,
            689.0966444579498,
            -3136.026634496609,
            229.698881485982,
            -1045.3422114988693,
            799.2731675552681,
            -1127.7853927143133,
            1255.9118273720828,
            -2639.882401588857,
            -540.3469486508168,
            -194.86483371623945
          ],
          [
            2717.42240597685,
            -1099.2134400418665,
            -1276.1142845913166,
            4642.43988613309,
            4595.449796773722,
            142719.2607762384,
            342.0946813436677,
            151957.15045914505,
            114.031560447889,
            50652.383486381754,
            -1127.7853927143133,
            66571.23668413358,
            -439.19471693951454,
            144738.4138345477,
            1912.9614877460197,
            1411.709206658019
          ],
          [
            -105.38295411233904,
            1606.8032504665796,
            4149.317423784943,
            -1479.1444857756228,
            -427.25653168054725,
            134.1249990105225,
            5650.737720139182,
            -1772.2760184456486,
            1883.5792400463956,
            -590.7586728152156,
            1255.9118273720828,
            -439.19471693951454,
            3460.1576166243462,
            -1153.4307945246396,
            634.2533286424186,
            -134.81366819328667
          ],
          [
            6423.896960872172,
            -2878.984421666318,
            -3286.59118559839,
            11558.850022511077,
            11450.352832721908,
            311390.1262505256,
            258.32135360746116,
            334399.3291057587,
            86.10711786915388,
            111466.44303525277,
            -2639.882401588857,
            144738.4138345477,
            -1153.4307945246396,
            315917.9720840053,
            4349.852685993434,
            4067.49296353546
          ],
          [
            673.6100843708211,
            1486.667514168487,
            2028.0637128636945,
            -1454.6667609995957,
            -211.0936379250191,
            6407.935463644993,
            4188.3413114030045,
            4742.17506472038,
            1396.1137704676678,
            1580.7250215734591,
            -540.3469486508168,
            1912.9614877460197,
            634.2533286424186,
            4349.852685993434,
            1863.878398221147,
            275.3145085910401
          ],
          [
            484.14408674382787,
            -334.2456526764536,
            -325.4871968107377,
            1162.3463366593376,
            923.6802958838961,
            4256.674400628148,
            -175.58876274336342,
            6342.701033171384,
            -58.52958758112114,
            2114.2336777237947,
            -194.86483371623945,
            1411.709206658019,
            -134.81366819328667,
            4067.49296353546,
            275.3145085910401,
            980.8240607712125
          ]
        ],
        "data_source": "original_data"
      },
      "4": {
        "call_count": 4,
        "n_features": 18,
        "feature_names": [
          "input_1",
          "input_2",
          "input_3",
          "input_4",
          "output_1",
          "output_2",
          "output_3",
          "output_4",
          "total_input",
          "total_output",
          "mean_input",
          "mean_output",
          "std_input",
          "std_output",
          "max_input",
          "max_output",
          "min_input",
          "min_output"
        ],
        "model_type": "gaussian_mixture",
        "optimal_components": 4,
        "mean_vector": [
          240.4750470541265,
          464.2870586893287,
          437.0276050875492,
          450.9936690811612,
          120.3586379969201,
          154.01830833285803,
          192.17914789254547,
          288.6557919352079,
          1592.7833799121656,
          755.2118861575315,
          398.1958449780414,
          188.80297153938287,
          110.30047954710356,
          116.64265377056579,
          477.4377459647522,
          372.52461073404436,
          217.91176638339132,
          85.91667141960873
        ],
        "covariance_matrix": [
          [
            796.1822001532157,
            -808.0066114432702,
            -561.665350374983,
            -822.6708458690955,
            1618.209782347915,
            720.2423288783724,
            1196.2666482547907,
            4365.018760493476,
            -1396.1606075341338,
            7899.737519974559,
            -349.04015188353344,
            1974.9343799936398,
            -236.6178520475251,
            2098.7785522075405,
            -241.6877701426204,
            5445.034024480725,
            290.0533252220359,
            328.89796051483455
          ],
          [
            -808.0066114432702,
            7620.902705545072,
            6586.313886812359,
            6143.866293834969,
            -9054.64248374621,
            -2867.5681123567915,
            -1822.3293777859442,
            -671.1376683099417,
            19543.076274749157,
            -14415.677642198885,
            4885.769068687289,
            -3603.9194105497213,
            -407.6667015357266,
            -3137.9742867528107,
            2346.2789085420586,
            -8407.671022463177,
            3300.9724549276975,
            -564.561008855515
          ],
          [
            -561.665350374983,
            6586.313886812359,
            15112.320935383166,
            7086.512152872723,
            -8388.822529134755,
            -2562.5084337915296,
            -805.0489224036044,
            2819.4274809892395,
            28223.48162469327,
            -8936.952404340647,
            7055.870406173318,
            -2234.238101085162,
            -1817.3310251200803,
            -1850.3672766321245,
            2239.3684195159176,
            -4993.739899132747,
            6652.918589155283,
            -271.49730030613114
          ],
          [
            -822.6708458690955,
            6143.866293834969,
            7086.512152872723,
            49595.47195398494,
            -8132.666848687099,
            -3472.825859444163,
            -3440.0065659698803,
            235.3996573639521,
            62003.17955482372,
            -14810.099616737196,
            15500.79488870593,
            -3702.524904184299,
            15746.678366979939,
            -3262.6954226621533,
            41138.75756273116,
            -8614.819174549879,
            4902.813552707538,
            -507.8207420415484
          ],
          [
            1618.209782347915,
            -9054.64248374621,
            -8388.822529134755,
            -8132.666848687099,
            29051.81456104695,
            7147.636543303848,
            4970.448865962336,
            5817.243519296794,
            -23957.922079220156,
            46987.14348960995,
            -5989.480519805039,
            11746.785872402488,
            526.9049920558967,
            11288.43589108299,
            -2576.3244094584984,
            29300.487237491692,
            -3898.953695358131,
            1699.8268292330313
          ],
          [
            720.2423288783724,
            -2867.5681123567915,
            -2562.5084337915296,
            -3472.825859444163,
            7147.636543303848,
            12298.620871721718,
            3293.280087470141,
            2213.3431149206467,
            -8182.660076714112,
            24952.88061741635,
            -2045.665019178528,
            6238.220154354088,
            50.00510248759109,
            4222.75934292411,
            -1068.8301686319119,
            11931.954916721106,
            -1253.239201289589,
            1427.9789954639687
          ],
          [
            1196.2666482547907,
            -1822.3293777859442,
            -805.0489224036044,
            -3440.0065659698803,
            4970.448865962336,
            3293.280087470141,
            45959.01530324374,
            38257.99390585964,
            -4871.11821790464,
            92480.73816253584,
            -1217.77955447616,
            23120.18454063396,
            -64.35038058849,
            24980.72644161417,
            -603.9072530273378,
            61424.09264189393,
            -560.587374983472,
            1367.336341265743
          ],
          [
            4365.018760493476,
            -671.1376683099417,
            2819.4274809892395,
            235.3996573639521,
            5817.243519296794,
            2213.3431149206467,
            38257.99390585964,
            331502.6959676209,
            6748.708230536729,
            377791.27650769806,
            1687.1770576341823,
            94447.81912692451,
            -2573.4347154509496,
            132966.38892456784,
            -476.55796275968106,
            319620.67220087734,
            5509.679244246164,
            3030.0864198047757
          ],
          [
            -1396.1606075341338,
            19543.076274749157,
            28223.48162469327,
            62003.17955482372,
            -23957.922079220156,
            -8182.660076714112,
            -4871.11821790464,
            6748.708230536729,
            108373.57684673186,
            -30262.992143302177,
            27093.394211682964,
            -7565.748035825544,
            13285.062788276624,
            -6152.258433839549,
            45482.71712064645,
            -16571.19607166508,
            15146.757922012552,
            -1014.9810906883599
          ],
          [
            7899.737519974559,
            -14415.677642198885,
            -8936.952404340647,
            -14810.099616737196,
            46987.14348960995,
            24952.88061741635,
            92480.73816253584,
            377791.27650769806,
            -30262.992143302177,
            542212.0387772599,
            -7565.748035825544,
            135553.00969431497,
            -2060.8750014959514,
            173458.31060018914,
            -4725.619793877427,
            422277.206996984,
            -203.10102738502766,
            7525.228585767521
          ],
          [
            -349.04015188353344,
            4885.769068687289,
            7055.870406173318,
            15500.79488870593,
            -5989.480519805039,
            -2045.665019178528,
            -1217.77955447616,
            1687.1770576341823,
            27093.394211682964,
            -7565.748035825544,
            6773.348552920741,
            -1891.437008956386,
            3321.265697069156,
            -1538.0646084598873,
            11370.679280161612,
            -4142.79901791627,
            3786.689480503138,
            -253.74527267208998
          ],
          [
            1974.9343799936398,
            -3603.9194105497213,
            -2234.238101085162,
            -3702.524904184299,
            11746.785872402488,
            6238.220154354088,
            23120.18454063396,
            94447.81912692451,
            -7565.748035825544,
            135553.00969431497,
            -1891.437008956386,
            33888.25242357874,
            -515.2187503739879,
            43364.577650047286,
            -1181.4049484693567,
            105569.301749246,
            -50.775256846256916,
            1881.3071464418801
          ],
          [
            -236.6178520475251,
            -407.6667015357266,
            -1817.3310251200803,
            15746.678366979939,
            526.9049920558967,
            50.00510248759109,
            -64.35038058849,
            -2573.4347154509496,
            13285.062788276624,
            -2060.8750014959514,
            3321.265697069156,
            -515.2187503739879,
            7726.313037921838,
            -560.0548009053156,
            16618.217805788485,
            -1469.162834046313,
            -1334.564009379992,
            -172.33276068634677
          ],
          [
            2098.7785522075405,
            -3137.9742867528107,
            -1850.3672766321245,
            -3262.6954226621533,
            11288.43589108299,
            4222.75934292411,
            24980.72644161417,
            132966.38892456784,
            -6152.258433839549,
            173458.31060018914,
            -1538.0646084598873,
            43364.577650047286,
            -560.0548009053156,
            61177.871903513726,
            -958.905729061977,
            146457.86094022318,
            276.1202035905953,
            836.5234466613304
          ],
          [
            -241.6877701426204,
            2346.2789085420586,
            2239.3684195159176,
            41138.75756273116,
            -2576.3244094584984,
            -1068.8301686319119,
            -603.9072530273378,
            -476.55796275968106,
            45482.71712064645,
            -4725.619793877427,
            11370.679280161612,
            -1181.4049484693567,
            16618.217805788485,
            -958.905729061977,
            39570.66229179327,
            -2593.7722100949,
            1069.1620005137731,
            -275.6571100356776
          ],
          [
            5445.034024480725,
            -8407.671022463177,
            -4993.739899132747,
            -8614.819174549879,
            29300.487237491692,
            11931.954916721106,
            61424.09264189393,
            319620.67220087734,
            -16571.19607166508,
            422277.206996984,
            -4142.79901791627,
            105569.301749246,
            -1469.162834046313,
            146457.86094022318,
            -2593.7722100949,
            352502.4869170927,
            652.9254262380547,
            3209.3362683254873
          ],
          [
            290.0533252220359,
            3300.9724549276975,
            6652.918589155283,
            4902.813552707538,
            -3898.953695358131,
            -1253.239201289589,
            -560.587374983472,
            5509.679244246164,
            15146.757922012552,
            -203.10102738502766,
            3786.689480503138,
            -50.775256846256916,
            -1334.564009379992,
            276.1202035905953,
            1069.1620005137731,
            652.9254262380547,
            4316.737651300202,
            125.7992864867747
          ],
          [
            328.89796051483455,
            -564.561008855515,
            -271.49730030613114,
            -507.8207420415484,
            1699.8268292330313,
            1427.9789954639687,
            1367.336341265743,
            3030.0864198047757,
            -1014.9810906883599,
            7525.228585767521,
            -253.74527267208998,
            1881.3071464418801,
            -172.33276068634677,
            836.5234466613304,
            -275.6571100356776,
            3209.3362683254873,
            125.7992864867747,
            1161.4204458672175
          ]
        ],
        "data_source": "original_data"
      },
      "5": {
        "call_count": 5,
        "n_features": 20,
        "feature_names": [
          "input_1",
          "input_2",
          "input_3",
          "input_4",
          "input_5",
          "output_1",
          "output_2",
          "output_3",
          "output_4",
          "output_5",
          "total_input",
          "total_output",
          "mean_input",
          "mean_output",
          "std_input",
          "std_output",
          "max_input",
          "max_output",
          "min_input",
          "min_output"
        ],
        "model_type": "gaussian_mixture",
        "optimal_components": 3,
        "mean_vector": [
          251.54278298898492,
          480.81740338830645,
          469.88173625160937,
          469.97406658083503,
          472.95336480493734,
          118.81862955469724,
          81.92890278544132,
          238.60758588273762,
          203.7182065272924,
          1127.1488974720537,
          2145.169354014673,
          1770.2222222222222,
          429.0338708029294,
          354.0444444444399,
          92.46098991108295,
          400.10180510996355,
          482.97735679398363,
          1139.242413095457,
          247.36184170191896,
          75.3650501706415
        ],
        "covariance_matrix": [
          [
            433.1306238006328,
            -117.78112960830177,
            -1.268615933187785,
            -10.9010506087422,
            -83.08261197619417,
            536.4538788324049,
            20.34759139251778,
            3.9545802124272087,
            369.5521833286012,
            534.1605755567371,
            220.09721567420698,
            1464.4688093226885,
            44.0194431348413,
            292.89376186453774,
            -181.77050051614978,
            160.69162140991273,
            -40.10145909523839,
            603.0481997094878,
            405.00783708814356,
            40.30473447780106
          ],
          [
            -117.78112960830177,
            1379.5935890475469,
            1315.639485682334,
            1315.2587730912232,
            1203.5327661761676,
            -1837.3291617945054,
            -741.6998743891944,
            -131.18109253939622,
            -300.9740215948386,
            2744.596243744641,
            5096.243484388971,
            -266.5879065732943,
            1019.2486968777943,
            -53.3175813146589,
            -96.44179671216146,
            409.6510419052374,
            455.95979487767227,
            959.2746865243175,
            700.5755754027354,
            -119.06362455500117
          ],
          [
            -1.268615933187785,
