{
  "version": "1.0",
  "extraction_info": {
    "date": "2025-08-21T15:02:39.941385",
    "source": "Intern S1 Workloads Analysis",
    "total_math_samples": 385024,
    "total_tool_calling_samples": 241546
  },
  "math_task": {
    "task_type": "math",
    "description": "Mathematical reasoning task with input-output pairs",
    "extraction_date": "2025-08-21T15:02:39.940754",
    "input_distribution": {
      "type": "lognorm",
      "parameters": [
        0.21286157406385864,
        -1908.36690259044,
        3488.4470703882016
      ],
      "ks_statistic": 0.19595412347841334,
      "ks_p_value": 0.0
    },
    "output_distribution": {
      "type": "lognorm",
      "parameters": [
        0.8221578425518301,
        4.861523115832697,
        767.2288034083723
      ],
      "ks_statistic": 0.10952428112947721,
      "ks_p_value": 0.0
    },
    "joint_distribution": {
      "type": "gaussian_mixture",
      "n_components": 4,
      "mean_vector": [
        141.33762051196808,
        9574.841768305352
      ],
      "covariance_matrix": [
        [
          3722.4834673108035,
          41403.019928301605
        ],
        [
          41403.019928301605,
          35319708.17772202
        ]
      ],
      "correlation": 0.11418447975551943,
      "bic_score": 10870702.340966731
    },
    "gmm_parameters": {
      "weights": [
        0.358504752818907,
        0.07434340269703671,
        0.3728319533326389,
        0.19431989115141732
      ],
      "means": [
        [
          112.88734597117671,
          4959.099111112346
        ],
        [
          266.35306111535584,
          12719.633617453097
        ],
        [
          145.42284338344732,
          9174.831640824232
        ],
        [
          138.15927257466163,
          17654.857156495706
        ]
      ],
      "covariances": [
        [
          [
            558.2999299271327,
            -782.5312200494068
          ],
          [
            -782.531220049407,
            4804084.907877425
          ]
        ],
        [
          [
            16547.580856641747,
            -156139.9610795663
          ],
          [
            -156139.9610795663,
            36813304.20752768
          ]
        ],
        [
          [
            1624.4403293840078,
            -54104.33635034268
          ],
          [
            -54104.33635034268,
            11669296.498556865
          ]
        ],
        [
          [
            1164.0896772425463,
            14184.836846326074
          ],
          [
            14184.836846326072,
            27740124.670528445
          ]
        ]
      ]
    }
  },
  "tool_calling_task": {
    "task_type": "tool_calling",
    "description": "Tool calling sequences with varying call counts",
    "extraction_date": "2025-08-21T15:02:39.940932",
    "call_count_distribution": {
      "3": 104344,
      "2": 18785,
      "5": 48933,
      "4": 17533,
      "1": 4640,
      "7": 9189,
      "6": 34629,
      "8": 1820,
      "9": 652,
      "10": 1021
    },
    "sequence_models": {
      "3": {
        "call_count": 3,
        "n_samples": 104344,
        "n_features": 6,
        "feature_names": [
          "input_1",
          "output_1",
          "input_2",
          "output_2",
          "input_3",
          "output_3"
        ],
        "model_type": "gaussian_mixture",
        "optimal_components": 5,
        "mean_vector": [
          245.90648240435482,
          112.48364065015717,
          476.2844533466227,
          166.58561105573872,
          467.35484551100205,
          276.2508625316262
        ],
        "covariance_matrix": [
          [
            914.594131425219,
            845.7152503326935,
            -295.4070259072832,
            706.3423554304741,
            -359.5803112571393,
            6337.305875013984
          ],
          [
            845.7152503326935,
            10509.732306667334,
            -3561.45293827221,
            2332.461278073968,
            -3710.9931311033106,
            3179.263345143818
          ],
          [
            -295.4070259072832,
            -3561.45293827221,
            3034.3054171359686,
            -1054.7947492572139,
            3260.011633079243,
            193.5395488839579
          ],
          [
            706.3423554304741,
            2332.461278073968,
            -1054.7947492572139,
            6967.042132547843,
            -1504.470178497358,
            7296.185801107936
          ],
          [
            -359.5803112571393,
            -3710.9931311033106,
            3260.011633079243,
            -1504.470178497358,
            7053.795956509868,
            236.28588945980096
          ],
          [
            6337.305875013984,
            3179.263345143818,
            193.5395488839579,
            7296.185801107936,
            236.28588945980096,
            318396.4081291736
          ]
        ],
        "bic_score": 3223537.3511851267,
        "aic_score": 3222209.1438558516,
        "gmm_parameters": {
          "weights": [
            0.21598013446085287,
            0.6296633222287193,
            0.009899929861365769,
            0.11912502389186946,
            0.02533158955719256
          ],
          "means": [
            [
              252.37946792453454,
              108.07511674225746,
              483.5467364417467,
              167.2404246122901,
              476.54142178345694,
              201.26443128461568
            ],
            [
              234.45424249750383,
              97.59104044458267,
              482.75658244888086,
              146.7744622912791,
              476.75658244888103,
              114.41709910332419
            ],
            [
              287.0716257349567,
              117.32818933744566,
              484.13359017195694,
              197.69413739213664,
              477.47531382673463,
              4100.000000000001
            ],
            [
              283.4986063706281,
              123.14002030395604,
              483.94548470583015,
              232.40749438460543,
              477.21341298526767,
              949.3587013240418
            ],
            [
              282.51391457004956,
              468.2479528362649,
              214.3941513361074,
              331.7517711098292,
              105.01513187956374,
              278.5218998874369
            ]
          ],
          "covariances": [
            [
              [
                886.5805364772953,
                364.7380234273923,
                5.772294296809918,
                344.4832731193143,
                8.443197419163079,
                1708.2111509560143
              ],
              [
                364.7380234273923,
                362.25119956624434,
                -2.575696316246791,
                169.9191142006627,
                -0.8348590404558702,
                893.5005291907481
              ],
              [
                5.772294296809917,
                -2.5756963162467916,
                1.0564100546750281,
                8.43472727290414,
                0.8119485359337282,
                3.752433384268744
              ],
              [
                344.4832731193143,
                169.91911420066268,
                8.43472727290414,
                1372.4799862821517,
                9.342302575570987,
                1641.958632277222
              ],
              [
                8.443197419163079,
                -0.8348590404558704,
                0.8119485359337282,
                9.342302575570987,
                0.9256780896923409,
                34.00305600675785
              ],
              [
                1708.2111509560143,
                893.500529190748,
                3.7524333842687425,
                1641.9586322772223,
                34.003056006757845,
                15050.111391944998
              ]
            ],
            [
              [
                338.56923178358875,
                215.85354925173655,
                2.5510913160367306,
                -48.12916892551825,
                2.5510913160367323,
                204.22766418152122
              ],
              [
                215.8535492517366,
                247.20866211057745,
                3.5358847830553266,
                -16.982770898101972,
                3.5358847830553284,
                249.42818901079912
              ],
              [
                2.5510913160367306,
                3.5358847830553266,
                0.24253185607946098,
                0.3636781290730362,
                0.24253085607946107,
                4.8072297037451435
              ],
              [
                -48.12916892551826,
                -16.982770898101975,
                0.36367812907303604,
                965.6947080141748,
                0.36367812907303554,
                542.6368733084224
              ],
              [
                2.551091316036733,
                3.535884783055329,
                0.24253085607946107,
                0.36367812907303537,
                0.24253185607946112,
                4.80722970374514
              ],
              [
                204.2276641815212,
                249.4281890107991,
                4.8072297037451435,
                542.6368733084224,
                4.80722970374514,
                2135.644683835482
              ]
            ],
            [
              [
                855.2116577696736,
                168.75816370115714,
                7.739709099434295,
                418.66586960778113,
                6.64262674486164,
                -8.588118904845775e-26
              ],
              [
                168.75816370115714,
                551.9768709731686,
                -4.0593016790714955,
                -169.089610344032,
                -3.5828799400993865,
                1.1167432296795013e-25
              ],
              [
                7.739709099434295,
                -4.0593016790714955,
                0.8475947855145598,
                13.890880447350858,
                0.6160762235677895,
                1.6119340218468837e-25
              ],
              [
                418.66586960778113,
                -169.089610344032,
                13.890880447350858,
                5258.354625388289,
                10.238373968538424,
                -8.007570074448275e-26
              ],
              [
                6.642626744861641,
                -3.5828799400993865,
                0.6160762235677896,
                10.238373968538424,
                0.8631388816381148,
                2.987495171050596e-25
              ],
              [
                -8.568099979659654e-26,
                1.1177441759388071e-25,
                1.6119692113638125e-25,
                -7.960025127131238e-26,
                2.9874482516946913e-25,
                1e-06
              ]
            ],
            [
              [
                1302.7716038363842,
                297.3462162768255,
                3.13364503064164,
                7.798242367545084,
                1.6897054276307832,
                1328.8014250682156
              ],
              [
                297.3462162768255,
                974.9481421397223,
                -10.011270244347148,
                -269.17644786236866,
                -9.171388726048583,
                -2528.755799547385
              ],
              [
                3.13364503064164,
                -10.011270244347148,
                1.182447617729403,
                2.6864797686608677,
                0.9006081611434406,
                140.44426107213403
              ],
              [
                7.79824236754508,
                -269.17644786236866,
                2.686479768660869,
                9879.005211064303,
                -1.2205072214645956,
                -22879.595047487404
              ],
              [
                1.6897054276307832,
                -9.171388726048583,
                0.9006081611434406,
                -1.2205072214645953,
                1.1461270794306828,
                171.4235469172317
              ],
              [
                1328.8014250682156,
                -2528.7557995473844,
                140.44426107213405,
                -22879.595047487404,
                171.4235469172317,
                760336.1334924783
              ]
            ],
            [
              [
                1403.7330685032125,
                4464.445563355255,
                -2243.7611303334525,
                2083.9316797042247,
                -812.6902043484315,
                1759.312098740949
              ],
              [
                4464.445563355255,
                268058.34049975657,
                -45167.97408376945,
                22954.809770075743,
                -14311.493617297336,
                19072.752742539946
              ],
              [
                -2243.7611303334525,
                -45167.97408376945,
                49383.88314161671,
                2197.1122617474075,
                31314.046274644144,
                2121.783913450714
              ],
              [
                2083.9316797042247,
                22954.809770075743,
                2197.112261747408,
                133020.9487736674,
                1772.7108969598173,
                33641.837691919965
              ],
              [
                -812.6902043484315,
                -14311.493617297336,
                31314.046274644144,
                1772.7108969598169,
                143732.30446876635,
                6298.663790471734
              ],
              [
                1759.312098740949,
                19072.752742539946,
                2121.783913450714,
                33641.837691919965,
                6298.663790471733,
                268342.95767029806
              ]
            ]
          ]
        }
      },
      "5": {
        "call_count": 5,
        "n_samples": 48933,
        "n_features": 10,
        "feature_names": [
          "input_1",
          "output_1",
          "input_2",
          "output_2",
          "input_3",
          "output_3",
          "input_4",
          "output_4",
          "input_5",
          "output_5"
        ],
        "model_type": "gaussian_mixture",
        "optimal_components": 5,
        "mean_vector": [
          251.54278298898492,
          118.81862955469724,
          480.81740338830645,
          81.92890278544132,
          469.88173625160937,
          238.60758588273762,
          469.97406658083503,
          203.7182065272924,
          472.95336480493734,
          1127.1488974720537
        ],
        "covariance_matrix": [
          [
            433.1306238006328,
            536.4538788324049,
            -117.78112960830177,
            20.34759139251778,
            -1.268615933187785,
            3.9545802124272087,
            -10.9010506087422,
            369.5521833286012,
            -83.08261197619417,
            534.1605755567371
          ],
          [
            536.4538788324049,
            6803.484495571365,
            -1837.3291617945054,
            1682.62893428065,
            -1675.2147999421036,
            708.4218982406051,
            -1696.2043889294346,
            1637.1976024468602,
            -1759.3803827220681,
            -1528.1309068694416
          ],
          [
            -117.78112960830177,
            -1837.3291617945054,
            1379.5935890475469,
            -741.6998743891944,
            1315.639485682334,
            -131.18109253939622,
            1315.2587730912232,
            -300.9740215948386,
            1203.5327661761676,
            2744.596243744641
          ],
          [
            20.34759139251778,
            1682.62893428065,
            -741.6998743891944,
            2275.9163257743517,
            -905.8952104876294,
            371.94626811260645,
            -934.603679031417,
            499.73591188809894,
            -798.8351844159981,
            -3866.180597271616
          ],
          [
            -1.268615933187785,
            -1675.2147999421036,
            1315.639485682334,
            -905.8952104876294,
            3127.231272126388,
            300.44506865657263,
            2863.711496021078,
            13.385458619583163,
            1474.9387337964156,
            7102.174643784655
          ],
          [
            3.9545802124272087,
            708.4218982406051,
            -131.18109253939622,
            371.94626811260645,
            300.44506865657263,
            21209.8866358236,
            248.1791471120166,
            12145.670072789526,
            -42.93132283609096,
            71342.5924166038
          ],
          [
            -10.9010506087422,
            -1696.2043889294346,
            1315.2587730912232,
            -934.603679031417,
            2863.711496021078,
            248.1791471120166,
            3025.553136812126,
            4.568940654032944,
            1546.6528410843105,
            7020.125336199053
          ],
          [
            369.5521833286012,
            1637.1976024468602,
            -300.9740215948386,
            499.73591188809894,
            13.385458619583163,
            12145.670072789526,
            4.568940654032944,
            18884.93785967884,
            -238.08391344528562,
            61575.17908827032
          ],
          [
            -83.08261197619417,
            -1759.3803827220681,
            1203.5327661761676,
            -798.8351844159981,
            1474.9387337964156,
            -42.93132283609096,
            1546.6528410843105,
            -238.08391344528562,
            4685.055415239222,
            3948.875026241134
          ],
          [
            534.1605755567371,
            -1528.1309068694416,
            2744.596243744641,
            -3866.180597271616,
            7102.174643784655,
            71342.5924166038,
            7020.125336199053,
            61575.17908827032,
            3948.875026241134,
            587114.947787399
          ]
        ],
        "bic_score": 1828435.3887460013,
        "aic_score": 1825540.7785461168,
        "gmm_parameters": {
          "weights": [
            0.8160395720779746,
            0.017807638369290554,
            0.07026455084853261,
            0.08897622417846854,
            0.006912014525733589
          ],
          "means": [
            [
              251.6558500251319,
              115.03381910787012,
              484.15083230910216,
              75.39062356761771,
              477.52239109822807,
              238.94891599367148,
              477.52239109822807,
              198.20756551526443,
              477.52239109822807,
              1165.6428760117524
            ],
            [
              236.00602704698338,
              149.1681197699206,
              435.23915422635616,
              148.1613222241376,
              182.8227702348579,
              167.07203193868932,
              188.27817585724432,
              174.81105461809014,
              358.08294474035483,
              134.653920228989
            ],
            [
              244.26681785721013,
              104.42090438810692,
              483.4522219075961,
              124.27647822019196,
              477.01572149453295,
              298.7774973128345,
              476.9567197387628,
              295.16215625571766,
              476.89236932322024,
              1355.3886146170773
            ],
            [
              256.50564943541025,
              120.26051414907879,
              483.7193147359799,
              75.41755747102395,
              477.2663614720724,
              184.73292169546318,
              477.1862094376379,
              174.00740825485806,
              476.9466713596111,
              817.0214958355725
            ],
            [
              288.30067158654265,
              615.2670359297504,
              140.55417373449862,
              336.53964582587935,
              139.79608851569756,
              464.4596567574479,
              140.7306635188353,
              381.6628315511435,
              138.02682852186757,
              811.4935804858707
            ]
          ],
          "covariances": [
            [
              [
                369.4603793816036,
                324.31866749140346,
                -5.018941336208854,
                -10.700897169915539,
                -3.226421198772962,
                -226.08974163602,
                -3.226421198772962,
                168.85076900580427,
                -3.226421198772962,
                -685.0868219269555
              ],
              [
                324.3186674914035,
                327.74469069172994,
                -4.820889775681787,
                -10.353638711699999,
                -3.055563161034354,
                -220.13342215074223,
                -3.055563161034354,
                174.03234650540895,
                -3.055563161034354,
                -579.1206786382974
              ],
              [
                -5.018941336208854,
                -4.820889775681787,
                0.7531697727249499,
                1.061715547470644,
                0.47960645272068186,
                41.70864826620962,
                0.47960645272068186,
                11.324381267882405,
                0.47960645272068186,
                208.3495050672579
              ],
              [
                -10.700897169915539,
                -10.3536387117,
                1.061715547470644,
                4.580735188419536,
                0.8965941060992615,
                65.97483710308705,
                0.8965941060992615,
                13.968198259948075,
                0.8965941060992615,
                317.58611274795703
              ],
              [
                -3.2264211987729627,
                -3.0555631610343537,
                0.47960645272068186,
                0.8965941060992615,
                0.4446990164625111,
                34.252567832694254,
                0.4446980164625111,
                13.81069476094186,
                0.4446980164625111,
                193.22584879542507
              ],
              [
                -226.08974163602,
                -220.13342215074223,
                41.708648266209636,
                65.97483710308705,
                34.252567832694254,
                9872.389817963307,
                34.252567832694254,
                3106.6268922749105,
                34.252567832694254,
                43278.0019943041
              ],
              [
                -3.2264211987729627,
                -3.0555631610343537,
                0.47960645272068186,
                0.8965941060992615,
                0.4446980164625111,
                34.252567832694254,
                0.4446990164625111,
                13.81069476094186,
                0.4446980164625111,
                193.22584879542507
              ],
              [
                168.85076900580427,
                174.03234650540895,
                11.324381267882403,
                13.968198259948075,
                13.81069476094186,
                3106.62689227491,
                13.81069476094186,
                7283.681745202971,
                13.81069476094186,
                35417.24106577717
              ],
              [
                -3.2264211987729627,
                -3.0555631610343537,
                0.47960645272068186,
                0.8965941060992615,
                0.4446980164625111,
                34.252567832694254,
                0.4446980164625111,
                13.81069476094186,
                0.4446990164625111,
                193.22584879542507
              ],
              [
                -685.0868219269554,
                -579.1206786382976,
                208.34950506725787,
                317.58611274795703,
                193.22584879542507,
                43278.0019943041,
                193.22584879542507,
                35417.241065777176,
                193.22584879542507,
                392590.78816404165
              ]
            ],
            [
              [
                784.3684527082614,
                3523.630146374616,
                -1891.679543000933,
                1182.49957951712,
                589.1972250219198,
                983.4347718208935,
                178.73555336098778,
                2099.1018855361363,
                -1173.8148721959017,
                1528.5066980278261
              ],
              [
                3523.630146374616,
                67779.16486183075,
                -15877.06875097793,
                9331.856897875332,
                -2085.8272855179016,
                8482.081179245053,
                -2978.1486040762748,
                20375.357204573964,
                -10554.22119311242,
                9265.428454143457
              ],
              [
                -1891.679543000933,
                -15877.06875097793,
                14119.811747217453,
                -3568.0700250099458,
                851.3164812339229,
                -3826.7017551188796,
                1162.8864434261045,
                -5377.439177397429,
                1767.058733514938,
                -5165.972031195345
              ],
              [
                1182.49957951712,
                9331.856897875332,
                -3568.0700250099453,
                6917.419351240785,
                2174.3111939698583,
                5086.148106688531,
                519.4809660446844,
                6038.466943716164,
                -2641.3726095765765,
                3098.6061121217112
              ],
              [
                589.1972250219198,
                -2085.827285517901,
                851.3164812339228,
                2174.3111939698583,
                32852.87156651806,
                2584.689139497981,
                20089.376852409983,
                4823.357169066333,
                -9740.273549922213,
                2269.0499025798886
              ],
              [
                983.4347718208935,
                8482.081179245053,
                -3826.7017551188796,
                5086.148106688531,
                2584.689139497981,
                19982.874149131,
                352.75740966685134,
                7624.332396903677,
                -3815.343794962713,
                1124.2348517194364
              ],
              [
                178.73555336098778,
                -2978.1486040762748,
                1162.8864434261045,
                519.4809660446845,
                20089.376852409983,
                352.75740966685134,
                30581.33413659154,
                4617.618169008478,
                -5005.374774155494,
                2194.179285027728
              ],
              [
                2099.1018855361363,
                20375.357204573964,
                -5377.43917739743,
                6038.466943716164,
                4823.357169066333,
                7624.332396903677,
                4617.618169008478,
                57172.03480391914,
                -4259.642145304433,
                12192.908138692972
              ],
              [
                -1173.8148721959017,
                -10554.22119311242,
                1767.058733514939,
                -2641.3726095765765,
                -9740.273549922213,
                -3815.343794962713,
                -5005.374774155494,
                -4259.642145304433,
                189869.8708295911,
                -5922.811502727344
              ],
              [
                1528.5066980278261,
                9265.428454143457,
                -5165.972031195345,
                3098.6061121217112,
                2269.0499025798886,
                1124.2348517194368,
                2194.179285027728,
                12192.908138692972,
                -5922.811502727344,
                30108.782542730612
              ]
            ],
            [
              [
                723.5795779681764,
                440.99951687496093,
                11.124987428234187,
                -224.1831333359317,
                8.585841760584298,
                2738.578115244205,
                8.350872270714584,
                2848.8491158760694,
                8.467175013052962,
                17035.885420562325
              ],
              [
                440.99951687496093,
                495.2353632980872,
                9.083813967473299,
                -333.31419132056175,
                8.122733610766206,
                3117.5529196246484,
                8.439276745490632,
                3215.7156100460693,
                8.297808353511844,
                18641.151307512224
              ],
              [
                11.124987428234187,
                9.083813967473299,
                1.1917005374971814,
                -20.721919377179034,
                0.9325594237929073,
                144.76822256590071,
                0.932192554832927,
                131.65952179088052,
                0.9207804108660965,
                1080.0165838390474
              ],
              [
                -224.18313333593167,
                -333.3141913205617,
                -20.721919377179034,
                2958.2150960589893,
                -21.305342919058216,
                -6471.299355534305,
                -22.339274033502058,
                -6237.901344156862,
                -21.122920300898887,
                -49462.44965534951
              ],
              [
                8.585841760584298,
                8.122733610766206,
                0.9325594237929073,
                -21.305342919058216,
                1.0053287535715631,
                154.12548461137848,
                0.9369640417751689,
                139.77925269038184,
                0.9015447446250358,
                1002.5095535276666
              ],
              [
                2738.578115244205,
                3117.5529196246484,
                144.76822256590071,
                -6471.299355534305,
                154.12548461137848,
                103323.30721952581,
                149.46984532686324,
                95041.7147552817,
                146.96310079101596,
                359401.6104140136
              ],
              [
                8.350872270714584,
                8.439276745490632,
                0.932192554832927,
                -22.339274033502058,
                0.9369640417751689,
                149.46984532686324,
                1.0312034334629325,
                143.6970765855531,
                0.9393924811512899,
                1030.6210875616175
              ],
              [
                2848.8491158760694,
                3215.7156100460693,
                131.65952179088052,
                -6237.901344156861,
                139.77925269038184,
                95041.7147552817,
                143.69707658555305,
                112815.3816476423,
                142.61880782911425,
                352905.7024860294
              ],
              [
                8.46717501305296,
                8.297808353511844,
                0.9207804108660965,
                -21.122920300898887,
                0.9015447446250358,
                146.963100791016,
                0.9393924811512899,
                142.61880782911425,
                1.0508174701187005,
                1040.9166591668202
              ],
              [
                17035.885420562325,
                18641.151307512224,
                1080.0165838390474,
                -49462.44965534951,
                1002.5095535276669,
                359401.6104140136,
                1030.6210875616173,
                352905.7024860294,
                1040.9166591668202,
                2805189.268933158
              ]
            ],
            [
              [
                438.7484709607211,
                402.8665956986134,
                -4.295857447767059,
                -22.34577426208614,
                -4.764499736225928,
                -169.85892648880937,
                -5.054266529053633,
                119.95233487943248,
                -3.536654451331866,
                -201.66943865960675
              ],
              [
                402.8665956986134,
                406.71650356319026,
                -4.122764825784632,
                -22.203209096398762,
                -4.6062817307241755,
                -138.72336318370157,
                -4.960233764279482,
                144.20909591454816,
                -3.3688575971256167,
                33.541740212821836
              ],
              [
                -4.29585744776706,
                -4.122764825784632,
                0.7078471305867843,
                1.7128543225886672,
                0.6666814288309895,
                24.88033881435104,
                0.6139215821639524,
                15.010011274736323,
                0.6233355689566702,
                145.2268617116244
              ],
              [
                -22.34577426208614,
                -22.203209096398762,
                1.7128543225886672,
                9.449964453138092,
                2.15741220416307,
                88.16983058429882,
                1.524431892725456,
                14.975503141698658,
                1.3016942412729073,
                281.06159632075793
              ],
              [
                -4.764499736225928,
                -4.606281730724175,
                0.6666814288309895,
                2.15741220416307,
                0.8939509605425983,
                33.069131444732704,
                0.6166315985620711,
                10.962912436674639,
                0.5088936224936498,
                129.34522686664437
              ],
              [
                -169.85892648880932,
                -138.72336318370157,
                24.880338814351045,
                88.16983058429882,
                33.069131444732704,
                8996.058878396461,
                24.259998506254064,
                3738.280882853928,
                15.664384177916823,
                37304.03129187334
              ],
              [
                -5.054266529053633,
                -4.960233764279482,
                0.6139215821639524,
                1.524431892725456,
                0.6166315985620711,
                24.259998506254064,
                0.8144330131386734,
                21.1719441422695,
                0.5110611092462435,
                150.93804284553548
              ],
              [
                119.95233487943243,
                144.2090959145482,
                15.010011274736321,
                14.975503141698658,
                10.962912436674639,
                3738.2808828539273,
                21.171944142269492,
                5554.415206476853,
                15.441715170649053,
                30060.722657851107
              ],
              [
                -3.536654451331866,
                -3.3688575971256167,
                0.6233355689566702,
                1.3016942412729073,
                0.5088936224936498,
                15.664384177916823,
                0.5110611092462435,
                15.441715170649049,
                0.9100766395170731,
                161.71331488284468
              ],
              [
                -201.6694386596068,
                33.54174021282194,
                145.2268617116244,
                281.06159632075793,
                129.3452268666444,
                37304.03129187334,
                150.93804284553545,
                30060.722657851107,
                161.71331488284468,
                285348.8933296306
              ]
            ],
            [
              [
                1189.2537357255808,
                2433.708502592705,
                -983.4132751862168,
                654.842226741718,
                -749.7335683847512,
                -4199.386502114131,
                -894.908136711705,
                -1345.5779745845414,
                -966.860461389227,
                -8305.087407611176
              ],
              [
                2433.708502592705,
                508033.6148764927,
                -50068.637572671854,
                96102.4668193887,
                -46009.5993318128,
                -19851.63539969771,
                -47643.64156400683,
                54664.56086307611,
                -49223.806211661285,
                -75835.30270989964
              ],
              [
                -983.4132751862168,
                -50068.637572671854,
                40480.109868845306,
                -1953.8150479882356,
                38571.401682789234,
                52880.11891900075,
                38677.47358488529,
                25425.656647395266,
                39987.145136593055,
                139304.0573927726
              ],
              [
                654.8422267417182,
                96102.4668193887,
                -1953.8150479882363,
                180755.76091907182,
                -105.10950012553458,
                22114.87989440129,
                -1126.55451219897,
                31827.462937039654,
                -1629.523135897359,
                49578.30411644966
              ],
              [
                -749.7335683847508,
                -46009.5993318128,
                38571.401682789234,
                -105.10950012553458,
                38345.51036598898,
                52866.42700564425,
                37463.637881948016,
                24839.45530454423,
                38114.56351181608,
                126978.84542327825
              ],
              [
                -4199.386502114131,
                -19851.63539969771,
                52880.11891900075,
                22114.87989440129,
                52866.42700564425,
                546947.0577750516,
                51990.75085413271,
                234625.18936833894,
                52528.36434694036,
                607398.012510247
              ],
              [
                -894.908136711705,
                -47643.64156400683,
                38677.47358488529,
                -1126.55451219897,
                37463.637881948016,
                51990.7508541327,
                38121.987252854226,
                24186.930830361664,
                38224.54726752193,
                128799.08422554904
              ],
              [
                -1345.577974584541,
                54664.56086307611,
                25425.656647395266,
                31827.462937039654,
                24839.45530454423,
                234625.18936833894,
                24186.930830361664,
                372818.6801959395,
                25132.628812672086,
                397507.0016118772
              ],
              [
                -966.860461389227,
                -49223.80621166129,
                39987.14513659306,
                -1629.5231358973597,
                38114.56351181608,
                52528.36434694036,
                38224.54726752193,
                25132.628812672086,
                39558.22427591218,
                137671.42189163793
              ],
              [
                -8305.087407611176,
                -75835.30270989965,
                139304.05739277255,
                49578.30411644966,
                126978.84542327825,
                607398.012510247,
                128799.08422554904,
                397507.0016118772,
                137671.42189163793,
